Row	chr	starts	ends	strand	ecto	endo	meso	Var8
Myl1	1	66945404	66924295	0	-5.4156218	-6.259275	1.1876487	282
Fn1	1	71653171	71585523	0	2.2543116	3.6525197	6.046064	292
Twist2	1	91801461	91848028	1	-7.47533	-5.997055	0.17163189	468
Cdh20	1	104768529	104995481	1	-4.8298445	-7.5910354	1.5334243	509
Tnni1	1	135783065	135810989	1	-7.837297	-1.7475871	3.081207	660
Tnnt2	1	135836386	135852260	1	-7.208121	-5.8818493	0.15238744	662
Rgs5	1	169655501	169695813	1	-3.740983	-5.298332	1.928994	834
Mixl1	1	180697034	180693043	0	3.327421	4.247007	6.342046	959
Lefty2	1	180893108	180899103	1	2.148461	1.2085928	8.919187	963
Pycr2	1	180904274	180908087	1	6.087034	5.942269	7.029958	964
Itga8	2	12301920	12106632	0	-5.1905737	-1.2748935	1.1530609	1095
Gfi1b	2	28621982	28609450	0	-4.7848296	-6.458557	-0.2656232	1263
St6galnac4	2	32587095	32599698	1	-1.4257085	-0.7330339	2.5152946	1341
Crb2	2	37776249	37799103	1	0.2945686	0.0836538	2.5585303	1395
Rbms1	2	60963192	60750193	0	2.9215288	4.5631375	5.7124686	1455
Kcnh7	2	63184287	62693414	0	-3.946633	-5.041248	-0.72829336	1465
Actc1	2	114053548	114047282	0	-1.9633412	0.17485835	3.5896108	1725
Meis2	2	116065839	115863064	0	1.0893365	0.3547459	3.024332	1729
Adra2b	2	127363208	127367221	1	-0.77336806	0.075948484	2.3895175	1876
Cd93	2	148443563	148436640	0	-5.4042583	-5.3665557	-0.48144948	2011
Slpi	2	164389095	164354070	0	-1.4513328	-4.6734977	2.998732	2232
Snai1	2	167538195	167542814	1	2.0783803	2.1948345	5.8860435	2296
Gata5	2	180334699	180325133	0	-8.777365	-2.3397317	1.0203773	2376
Fabp4	3	10208576	10204347	0	-3.262351	-4.936079	0.15731949	2437
Car1	3	14778459	14766217	0	-7.303776	-5.825501	0.8136899	2449
Car3	3	14863538	14872351	1	1.0952477	3.4061518	4.951179	2450
Pcdh18	3	49757316	49743296	0	2.4525409	1.4554262	4.0587068	2551
Lhfp	3	53041528	53261679	1	2.326289	3.59139	5.947917	2564
Tdo2	3	81975750	81957090	0	-8.842777	-7.3645015	1.7552228	2672
Gucy1a3	3	82145877	82092428	0	-2.285657	-3.3309438	0.6385157	2675
Efna1	3	89281142	89271733	0	1.5572453	0.7158132	3.66669	2770
Efna3	3	89322965	89313899	0	-0.54526323	-1.0741838	2.0242555	2771
Ntng1_1	3	110144011	110143685	0	-3.7153857	-3.9740763	-0.47857925	3106
Pitx2	3	129199878	129219591	1	-5.543052	-7.6762123	-0.82411426	3173
Lef1	3	131110471	131224356	1	2.2936013	1.7442436	4.3466306	3189
Unc5c	3	141465564	141834924	1	-3.7238271	-9.191971	-0.32190442	3237
Wls	3	159839737	159935833	1	4.7935147	4.9885983	6.284557	3317
Cdcp2	4	107096891	107107748	1	-8.449592	-6.971316	-0.89085674	3784
Tal1	4	115056426	115071755	1	-3.4889982	-7.7173157	0.1059467	3846
Fhl3	4	124700701	124708611	1	0.8477317	-0.8281941	2.750003	3975
Ece1	4	137862237	137965229	1	2.0566044	0.59392506	3.665114	4198
Tnfrsf18	4	156026164	156028895	1	-2.7659612	-4.0425735	0.35825345	4441
Sod3	5	52363946	52371405	1	-8.900913	-4.46328	-0.79674417	4719
Pdgfra	5	75152291	75198204	1	-1.8837326	-4.016892	3.6854215	4805
Kdr	5	75978458	75932827	0	-1.8517153	-3.298253	2.5375276	4807
Mn1	5	111417362	111457033	1	0.57400846	-0.20727861	3.4650855	5038
Myl2	5	122100951	122113472	1	-4.069105	-3.2282598	1.0956054	5167
Tmem132c	5	127241808	127565793	1	-2.3846066	-1.8956846	1.0956055	5239
Lfng	5	140607341	140615543	1	0.19592334	-1.4957266	3.148372	5418
Rasl11a	5	146845071	146847726	1	4.897018	1.175442	5.9325995	5493
Peg10	6	4747306	4760517	1	1.0241688	3.4272344	4.7769747	5541
Wnt2	6	18030585	17988940	0	-3.562551	-3.6078384	4.65822	5582
Pax4	6	28449353	28442334	0	-8.032157	-6.5538826	-0.34897548	5619
Cpa2	6	30541582	30564476	1	-0.6306733	-1.5946206	3.1089456	5647
Cpa1	6	30639218	30645363	1	-7.872344	-5.2420654	-0.4859732	5650
Mest	6	30723547	30748455	1	4.916596	5.8100595	6.975631	5652
Adcyap1r1	6	55451978	55501451	1	-2.90775	-3.2994142	1.1577976	5837
St3gal5	6	72097613	72154570	1	1.048076	-0.44091213	3.315368	5930
Usp18	6	121245906	121270916	1	-4.1517725	-3.673498	1.33706	6253
Tnfrsf1a	6	125349362	125362484	1	1.9156289	1.7954065	3.6640003	6336
Ccnd2	6	127151048	127125779	0	5.0991774	4.74952	6.1244073	6352
Slco1c1	6	141524386	141570177	1	-6.996142	-7.2548327	-0.5850849	6484
Ceacam10	7	24777204	24784649	1	-0.19236521	-5.6474533	1.9895298	6944
Dll3	7	28302238	28293553	0	2.1544251	4.7254257	6.5522633	7032
Etv2	7	30635852	30633616	0	1.2433772	-1.1804215	3.8677053	7120
Kctd15	7	34655509	34639014	0	1.62143	-1.2874184	3.2226453	7170
Mesp1	7	79793788	79792241	0	2.5244195	0.2591861	7.9051886	7480
Mesp2	7	79810727	79813431	1	-4.8660645	-6.539793	3.9944751	7481
Lmo1	7	109170308	109138572	0	-2.153963	0.11018697	2.1796873	7723
Htra1	7	130936111	130985660	1	-1.1439328	0.2491748	2.43115	7954
Ifitm1	7	140967221	140969825	1	4.847666	8.754431	9.249335	8036
Sct	7	141279133	141278331	0	-1.9204345	-1.5296224	2.3659697	8052
Slc22a18	7	143473721	143499334	1	-2.1701539	-0.2381609	2.146216	8100
Phlda2	7	143502541	143501545	0	5.854425	4.8738146	10.654834	8101
Fgf3	7	144838083	144844436	1	-0.40291643	1.1353407	5.7199583	8116
Fgf15	7	144896532	144900953	1	2.5229926	0.80812883	5.5636334	8118
Gpr124	8	27085583	27123436	1	-4.016542	-6.379569	0.91434276	8323
Adrb3	8	27229588	27225776	0	-2.3162692	0.043950275	3.4194288	8327
Dlc1	8	36953143	36567751	0	-0.9399542	-0.5436818	2.473114	8360
Vegfc	8	54077532	54186454	1	-7.9764886	-6.498214	-0.63474107	8422
Hand2	8	57320983	57324517	1	-8.225264	-6.746989	0.3560387	8433
Abcc12	8	86580686	86482260	0	-2.8010669	-3.7759647	0.05587106	8688
Cdh11	8	102785111	102632995	0	-0.46138358	-0.018732624	3.5125787	8774
Cdyl2	8	116732991	116568724	0	-3.4367373	-8.450315	-0.17672335	8932
Foxf1a	8	121084474	121086879	1	-7.1517725	-3.9365323	2.4951892	8971
Foxc2	8	121116171	121118892	1	-2.9653351	-4.55745	3.7921238	8973
Fli1	9	32541389	32422208	0	-7.548972	-7.2227	-0.761731	9228
Robo3	9	37433163	37415669	0	-9.823079	-8.344804	-0.28397298	9257
Crabp1	9	54764748	54773110	1	3.6591876	2.3593485	7.1956983	9412
Aph1c	9	66834726	66814994	0	-2.5649636	-4.3551774	0.3989165	9555
Prtg	9	72807274	72917291	1	5.2592716	5.4249315	6.897534	9591
Klhl31	9	77636732	77660118	1	-7.557534	-5.757331	-0.45537063	9622
Ripply2	9	87015537	87019916	1	-1.2748888	-2.118542	4.5445385	9668
Chst2	9	95407270	95400929	0	-0.8818753	-3.6837082	2.4623585	9698
Pcbp4	9	106453838	106464007	1	6.6478915	6.6115937	7.3471594	9787
6230427J02Rik	9	107985879	107984227	0	-0.18638916	-0.11528952	5.078977	9833
Tdgf1	9	110946158	110939610	0	5.3087897	6.4203196	7.18378	9917
Rspo3	10	29535867	29453109	0	2.4312172	3.1976497	5.492305	10162
Sult3a1	10	33863935	33879475	1	-7.1312504	-5.6529756	-0.24799062	10174
Nepn	10	52388972	52404607	1	-3.8117518	-6.572943	0.030513579	10260
Fgf22	10	79755119	79756961	1	-4.29593	-4.5546203	-0.6836141	10451
Hcfc2	10	82696160	82742428	1	-3.101691	-2.7202775	0.48820204	10565
Alx1	10	103029051	103007847	0	-1.2955449	-2.5334768	4.1004095	10665
Gm239	10	116896879	116776545	0	-3.2663527	-2.3185923	2.2367342	10710
Hmga2	10	120476469	120361275	0	4.491868	5.119724	6.4005556	10736
Myl7	11	5898782	5896637	0	4.2189145	4.0979915	8.289522	10912
Rel	11	23770970	23741514	0	-2.00558	-6.9196224	0.97763073	10985
Sep-08	11	53519257	53549565	1	0.7149025	1.126976	3.2790935	11147
Pdlim4	11	54069014	54054928	0	1.976423	0.6848788	4.1152945	11157
Hand1	11	57832818	57828705	0	1.0199171	-5.432545	4.572053	11186
Mfap4	11	61485431	61488900	1	1.7591158	0.89880514	3.4010284	11255
Pmp22	11	63128982	63159547	1	0.8031845	1.8537369	5.7785153	11283
Gp1ba	11	70639122	70642036	1	-4.2680683	-7.029259	-0.28788835	11409
Col1a1	11	94936224	94953042	1	-4.6273413	-8.301069	-0.77423435	11717
Hoxb6	11	96292476	96301569	1	-6.3818297	-6.6405206	-0.6609896	11750
Hoxb2	11	96351632	96355689	1	-1.1294048	-7.3109274	3.7028239	11754
Hoxb1	11	96365752	96368256	1	2.5918906	2.9829164	6.0927367	11755
Igfbp4	11	99041244	99054392	1	2.0780585	1.8509092	4.1314197	11825
Tns4	11	99089306	99065678	0	-1.2108501	-2.1893277	1.8392832	11826
Arl4d	11	101665541	101667832	1	0.6202566	1.238083	4.7751207	11938
Pecam1	11	106750628	106654217	0	-6.7000837	-7.69574	-0.4496944	12031
Abca9	11	110168196	110100749	0	-10.07362	-8.443341	-0.2772548	12060
Grin2c	11	115267243	115249169	0	-8.245551	-7.919279	0.68869317	12096
Adcy3	12	4133103	4213525	1	0.62523395	0.52598304	3.004217	12273
Osr1	12	9574442	9581499	1	-3.527864	-6.5939097	1.0649993	12299
Msgn1	12	11208948	11208382	0	-6.24641	-4.7681346	4.802155	12304
Twist1	12	33957671	33959817	1	-2.435488	-5.127138	1.9017203	12383
Foxf2	13	31625816	31631403	1	-8.305609	-6.8273335	-0.50786674	13056
Foxc1	13	31806646	31810635	1	-5.9093747	-3.2611747	1.1541523	13057
Serpinb9	13	33003250	33017957	1	-5.3959374	-7.3915935	0.32907844	13064
Rbm24	13	46418300	46431090	1	-1.179952	0.52432674	2.8262873	13139
Cap2	13	46501848	46649642	1	0.65187836	0.2595019	2.7367024	13140
Msx2	13	53473074	53466881	0	1.6267538	1.1997159	3.942905	13186
Tgfbi	13	56609603	56639339	1	-3.2048585	-7.0078697	1.1158018	13241
Gas1	13	60177365	60174405	0	3.6382482	3.0118294	5.746056	13263
Hapln1	13	89540636	89611832	1	-3.1846075	-7.9244246	0.8664379	13392
Vcan	13	89742509	89655312	0	-0.035861965	-0.5075463	2.5189958	13393
Fam159b	13	104863893	104845283	0	-3.2150898	-5.9762807	0.29844788	13495
Fgf10	13	118669791	118792115	1	-5.307578	-4.0516953	1.7080538	13546
Wnt5a	14	28504750	28527447	1	0.94919944	-1.0272088	3.5327933	13655
Gdf10	14	33923587	33935280	1	-4.238948	-6.9126763	-0.2172411	13712
Bmp4	14	46390669	46383520	0	-0.071789145	0.098632924	3.82317	13762
Gata4	14	63271692	63198922	0	-3.520387	1.1815367	3.98719	13973
Pdlim2	14	70177681	70164218	0	1.6630516	-0.89970064	4.2902484	14039
Gfra2	14	70890130	70979838	1	-1.4008107	-1.498396	1.3537736	14058
Lect1	14	79662170	79637690	0	-6.795042	-3.9948387	2.1988168	14107
Pcdh8	14	79771312	79766772	0	-0.34421173	-4.1138644	3.2778	14108
Pcdh17	14	84443563	84537060	1	-4.1622796	-7.099042	-0.28904414	14110
Laptm4b	15	34238026	34284295	1	4.937052	7.8423147	8.284209	14265
Klf10	15	38300707	38294413	0	2.2127392	1.4059302	3.791809	14292
Foxh1	15	76669948	76668284	0	6.6803017	6.6285086	7.876656	14470
Csf2rb2	15	78305603	78282517	0	-9.270382	-7.7921066	-0.5460606	14505
Slc38a4	15	97055956	96994823	0	3.2129557	3.4706883	5.051928	14723
Klhl6	16	19983037	19946499	0	-3.4368417	0.38312456	3.8982224	15042
Phldb2	16	45953598	45746243	0	1.759712	2.9022286	4.429035	15250
Robo1	16	72663149	73046095	1	2.0484045	1.5456873	3.5551584	15315
Ifnar2	16	91372783	91405589	1	1.1463412	0.77271485	3.1322863	15380
Igsf5	16	96361668	96525580	1	-3.251504	-4.095157	0.9797216	15425
Pcp4	16	96467606	96525793	1	0.28320694	-0.98575217	3.9766517	15427
Dll1	17	15376872	15367354	0	-1.5975696	1.3740846	4.4668403	15509
Rnf39	17	36942918	36947986	1	-7.9089723	-6.4306974	0.35519192	15996
Zfp57	17	37001163	37010635	1	1.4983765	1.9755317	3.8624673	16001
Rftn1	17	50190674	49992257	0	-1.845788	-1.5184548	1.8494875	16125
Rasgrp3	17	75435905	75529043	1	0.27991575	3.4262087	5.2517858	16266
Zeb1	18	5591860	5775467	1	-6.7915506	-5.6027822	0.45012158	16354
Gfra3	18	34720387	34689903	0	-2.0245602	0.70035464	4.374883	16465
Ppic	18	53418007	53406341	0	4.2338986	4.2536073	6.341713	16608
Prdm6	18	53464546	53575907	1	-3.9229872	-7.120277	2.1950538	16609
Fbn2	18	58209926	58008623	0	-3.163001	-1.239315	1.1469969	16623
Pdgfrb	18	61045150	61085061	1	-3.781673	-2.8883603	0.60981524	16642
Apcdd1	18	62922327	62953195	1	-1.5905423	-1.7496973	0.9131231	16662
Stard6	18	70472454	70501066	1	-1.9135532	-1.9736984	0.9228433	16707
Zadh2	18	84088158	84097514	1	-0.86324394	-1.2121323	2.018921	16762
Peli3	19	4943127	4930651	0	-1.4673381	-1.4246478	2.591234	16835
Ahnak	19	8989284	9076919	1	-4.540826	-2.7771487	0.37982875	16977
Pcsk5	19	17837632	17432832	0	-3.0712454	-2.7521691	1.7452761	17057
Acta2	19	34255336	34241090	0	-3.4237454	-6.4194016	0.43649808	17139
Ch25h	19	34475135	34473786	0	-7.497948	-6.0196733	-0.5940782	17141
Tll2	19	41206774	41083981	0	-6.374724	-2.8964489	0.47216973	17205
Wnt8b	19	44493472	44514273	1	-7.6683006	-7.3420286	-0.92670196	17253
Chst7	66	20059560	20097521	1	1.4314107	2.718477	4.888674	17473
Sowahd	66	37048845	37050418	1	-6.5674214	-6.2411494	1.5546694	17513
Rhox10	66	38066475	38071691	1	-6.6747437	-5.196469	-0.015607271	17549
Dusp9	66	73639419	73643514	1	1.6962731	3.702764	5.5057015	17680
Pcdh19	66	133688993	133582863	0	-2.7218482	-2.2746003	3.327046	17884
Ripply1	66	139782353	139779549	0	-0.6334797	-5.2844877	1.9902408	17953
Morc4	66	139871677	139821632	0	-0.8062559	-2.639567	2.493937	17955
Spin2	66	153832225	153834243	1	2.6056252	3.8981767	5.523637	18020
